1109105
157116
91044
28829
49002
60125
287947
229712
74436
244147
159976
2934
305371
166272
68991
60604
66067
69469
67105
71662
247808
1482933
640432
258944
29488400
1242000
4038992
132224
7659936
469
969
255280
183248
200640
199840
210256
466610
60608
271184
1146944
199232
1160
28696256
158591
242374
173012
161452
491449
197763
487874
188064
312490
160887
183915
179330
518579
409295
6161
1586
67576
274505
846
27712
38080
39808
33472
38080
27712
38080
36928
38080
70552
24832
36352
27712
33472
26560
33472
36928
31168
36928
30016
42112
38080
60521
14438
4243
244779
421716
14844
925813
1221
42850
708940
1644
39353
611
17595
23327
962449
11517682
38733
38676
188
5943
14421
5366
472
8951
700
9768
5775
592
16284
7498
7594
1139
17675
41673
12774
2473
2489
2476
11689
10566
64989
47575
157136
40158
47507
17023
7244
10154
21135
432496
11399
29963
10615
25494
10615
7020
488368
4028
10467
39383
631
1207
126669
310
700
668
1418
914
1276
701
299
235011
447
267
254
660584
56828
1697351
55006
1255727
3399
92990
3916
41439
1054
685272
401
490
80340
1611
427
138073
2060
616
1335
192
1722
397929
761
33405
2476
1844
55272
1319059
3638
1385
40228
2875
658438
12984081
186086
286
3624
1285
2439
1889
27796
490
2148
496
1064
1164
1754
1144
1722
8533
1183
1163
2471
740
831
25997
338
130
715
6377
263
129
55549
96499
8177
1088
1257
1141
1172
2824
1794
1704
493
37200
42633
4814
148
1397902
1018
152000
1190
463
5175
2336
557940
4075
957
1972
358
123
710
46742
711
115
6940
301
1099
248
312
1787
312
1507
102647
2313
394
8831
107
334705
1116
284
2790
4433
581883
2087
28549
1962
8877
1596
5762
412116
6092
6347
573
914
412
160
432431
2825
6279
3201
196
1075
8371
78248
1573
132
739
56030
767
133
811
6911
263
125
856
722
82207
786
128
958829
868
766
485
17024
3719
387054
11078
382
6945
95
595
7532
494
117
2771
1067
1076
2925
616
1828
55588
499155
56946
5292
9070
132
561299
27760
36394
11042
16445
194
154
617
413
41841
28648
6203
6055
33256
563
1065
514
510923
776
2396
2078
3818
34494
967
22639
388
6953
101
1272
30417
6600
883
128
5626
42668
549
920
414
343
464
1202
10697
43428
119
572
576
17592
506
119
758
14432
318
117
3502
1473
25404
17285
1074
1224
3714
6493
1528
1916
8347
965
21206
1230
299660
956
1155
1201
1074
9141067
1085
5251
2552
1389
1036
6575
1587
1119
1353
1425
9451
4258
1070
1074
22039
335461
1326
3200
3163
10623
297888
278627
1074
14894
389945
1232
13194
1592
1754
8637461
1032
900
2339
4862
1213
214001
1123
259410
1259
3163
1490
2956
1230
1074
1032
1803
1318922
39647
1455
19812
35373
256190
4749
2262
289023
301679
303461
6069
1336
6227
1449
301315
446872
298127
1006
992
1088
1074
2468
1074
2687
1764447
1152
3119
1032
2457
963
2313
2085
2378
1071
289798
1041
1649
5229
1241
194
867
25166
491
134
663
35040
373
113
616
169010
263
2071
763
29977
287
28962
1208
113
10640
191
773
27444
1355
138
610
2905
100
117
218
1319
1189
60401
1620
127
6697
990
111401
1750
1716
118
418324
35622
19940
221039
60735
6809
22318
97952
25244
275185
27905
27275
21400
8192
1627
299
533
2134
796
4450
196
1167
173
2512
10157
517
1626
299
194
533
2134
796
4462
196
1173
174
2506
10157
517
2178
8533
242116
1183
27137
1715
263168
28779
2545
16908
176
4557
216003
92311
6207
34684
114823
962900
711
15149
537
117
247061
11294
458
9582
6952
799
1498
5618
1616
278
117
399
8502
119
1360
791
6502
323
154
415
7578
128
806
22028
542
150
4894
3612
302
193584
188684
298
2548
150
5626
648
541
172
7191
5970
4189
1478
8309
270
314
1101
1807
117
1736
4092
4190
3924
252441
616
117
430
5963
143
160
594056
3657
608
509
3835
0
0
0
0
0
0
0
0
0
0
1608
903
2073
130124
1661390
566
685792
59
6977
935
866
720
296
17329
8
14042
312
3016
312
4822
14506
2082
8371
2383
398
330
398
639
1600
1232
1822
116
132
413
7210
131
894
12142
1032
131
204
204
1703
561565
72137
236004
421486
484206
888
140
2165
753
100503
371
131
909
9058
236
119
1589
41420
436
135
2441
2815
56872
689
114
903
277333
23197
13568
28076
3624
26272
6912
12216
16440
4928
11348
12028
25324
10344
16780
11316
9644
16400
16988
5468
5208
6908
274433
246
1808
416
1418
1679
1388
363
1367
17961
458
119
626
2981
97
514599
3658
388
976
86
3818
34494
971
22639
1061
278
930
930
615
278
615
494
494
1061
1094
1322
4550
6105
7014
7042
3645
5301
3686
8628
477
190
855
95511
424
134
960
34301
746
119
415
11433
128
191
771
13080
353
154
3590
902
20347
317
133
187
979
27628
420
154
3231
3196
1330
187951
5864
190947
150
2488
1855056
180767
26010
9172
42207
42283
3505
43475
9511
17983
180756
4462
441
1802
67
944
223995
281
1250
9210
786
7196
853
480
232
7191
322259
2007
1025
109
724
7731
229
119
713
9638
507
122
406
6288
119
826
107182
174235
317
133
332736
464
434
523
2693
5439
2480
1043
40521
749
119
17
10
125
294
17
1270656
2241
296
310
1423
2383
431
431
431
431
431
431
431
431
432
431
431
431
431
431
431
431
431
432
39905
982
72763
32617
5161
587
587
2901
300
821
77278
125
568
24098
496
117
9547
55005
167695
45708
80410
66400
68954
69465
66776
73024
70345
68824
68456
70027
64297
62158
412
72706
372736
9035764
70248
70770
74867
72190
77502
69112
72371
64482
65674
24785
298357328
538797
787178
695144
858668
979640
643164
794161
1106213
443085
167083
904476
533082
1128820
450349
1297110
485358
105938
783037
533482
515812
544634
527398
504060
484552
